,name,number,bonus,pct_max_bonus,hs,fv,risk,position_1B,position_C,position_CF,position_IF,position_LHP,position_OF,position_RHP,position_SS
0,Travis Bazzana,1,8950000,0.9675675676,0,50.0,80,0,0,0,1,0,0,0,0
1,Chase Burns,2,9250000,1.0,0,50.0,20,0,0,0,0,0,0,1,0
2,Charlie Condon,3,9250000,1.0,0,50.0,20,0,0,0,1,0,0,0,0
3,Nick Kurtz,4,7000000,0.7567567568,0,45.0,50,1,0,0,0,0,0,0,0
4,Hagen Smith,5,8000000,0.8648648649,0,50.0,50,0,0,0,0,1,0,0,0
5,Jac Caglianone,6,7497500,0.8105405405,0,50.0,20,0,0,0,0,0,1,0,0
6,JJ Wetherholt,7,6900000,0.7459459459,0,50.0,80,0,0,0,1,0,0,0,0
7,Christian Moore,8,4997500,0.5402702703,0,45.0,20,0,0,0,1,0,0,0,0
8,Konnor Griffin,9,6532025,0.7061648649,1,47.5,20,0,0,0,0,0,1,0,0
9,Seaver King,10,5150000,0.5567567568,0,47.5,50,0,0,0,0,0,0,0,1
10,Bryce Rainer,11,5797500,0.6267567568,1,47.5,20,0,0,0,0,0,0,0,1
11,Braden Montgomery,12,5000000,0.5405405405,0,47.5,20,0,0,0,0,0,1,0,0
12,Cam Smith,14,5070700,0.5481837838,0,47.5,20,0,0,0,1,0,0,0,0
13,Jurrangelo Cijntje,15,4880900,0.5276648649,0,42.5,50,0,0,0,0,1,0,0,0
14,Braylon Payne,17,3440000,0.3718918919,1,37.5,20,0,0,1,0,0,0,0,0
15,Carson Benge,19,3997500,0.4321621622,0,45.0,50,0,0,0,0,0,1,0,0
16,Trey Yesavage,20,4175000,0.4513513514,0,45.0,50,0,0,0,0,0,0,1,0
17,Kaelen Culpepper,21,3934400,0.4253405405,0,42.5,50,0,0,0,0,0,0,0,1
18,Vance Honeycutt,22,4000000,0.4324324324,0,42.5,20,0,0,1,0,0,0,0,0
19,Kellon Lindsey,23,3297500,0.3564864865,1,45.0,20,0,0,0,0,0,0,0,1
20,Kash Mayfield,25,3442100,0.3721189189,1,45.0,20,0,0,0,0,1,0,0,0
21,Ben Hess,26,2747500,0.297027027,0,40.0,50,0,0,0,0,0,0,1,0
22,Dante Nori,27,2497500,0.27,1,37.5,20,0,0,0,0,0,1,0,0
23,Walker Janek,28,3130000,0.3383783784,0,45.0,20,0,1,0,0,0,0,0,0
24,Slade Caldwell,29,3087000,0.3337297297,1,42.5,50,0,0,1,0,0,0,0,0
25,Malcolm Moore,30,3000000,0.3243243243,0,45.0,20,0,1,0,0,0,0,0,0
26,Ryan Waldschmidt,31,2904000,0.3139459459,0,45.0,50,0,0,0,0,0,1,0,0
27,Griff O'Ferrall,32,2697500,0.2916216216,0,40.0,80,0,0,0,0,0,0,0,1
28,Blake Burke,34,2100000,0.227027027,0,40.0,50,1,0,0,0,0,0,0,0
29,JD Dix,35,2150000,0.2324324324,1,40.0,50,0,0,0,0,0,0,0,1
30,Braylon Doughty,36,2569200,0.2777513514,1,45.0,50,0,0,0,0,0,0,1,0
31,Levi Sterling,37,2508900,0.2712324324,1,40.0,50,0,0,0,0,0,0,1,0
32,Brody Brecht,38,2700000,0.2918918919,0,47.5,20,0,0,0,0,0,0,1,0
33,Caleb Lomavita,39,2325000,0.2513513514,0,42.5,20,0,1,0,0,0,0,0,0
34,Tommy White,40,3000000,0.3243243243,0,42.5,50,0,0,0,1,0,0,0,0
35,David Shields,41,2300000,0.2486486486,1,40.0,50,0,0,0,0,1,0,0,0
36,Jared Thomas,42,2000000,0.2162162162,0,40.0,20,0,0,0,0,0,1,0,0
37,Caleb Bonemer,43,2997500,0.3240540541,1,37.5,50,0,0,0,1,0,0,0,0
38,Luke Dickerson,44,3800000,0.4108108108,1,37.5,50,0,0,0,1,0,0,0,0
39,Chris Cortez,45,1597500,0.1727027027,0,42.5,50,0,0,0,0,0,0,1,0
40,Jonathan Santucci,46,2031700,0.2196432432,0,40.0,50,0,0,0,0,1,0,0,0
41,Wyatt Sanford,47,2497500,0.27,1,45.0,20,0,0,0,0,0,0,0,1
42,Jacob Cozart,48,2050000,0.2216216216,0,42.5,80,0,1,0,0,0,0,0,0
43,Owen Hall,49,1747500,0.1889189189,1,45.0,20,0,0,0,0,0,0,1,0
44,Payton Tolle,50,2000000,0.2162162162,0,37.5,80,0,0,0,0,1,0,0,0
45,Tyson Lewis,51,3047500,0.3294594595,1,45.0,20,0,0,0,0,0,0,0,1
46,Boston Bateman,52,2500000,0.2702702703,1,40.0,80,0,0,0,0,1,0,0,0
47,Bryce Cunningham,53,2297500,0.2483783784,0,42.5,20,0,0,0,0,0,0,1,0
48,Cole Mathis,54,1681200,0.1817513514,0,37.5,80,1,0,0,0,0,0,0,0
49,Ryan Sloan,55,3000000,0.3243243243,1,45.0,50,0,0,0,0,0,0,1,0
50,Carter Johnson,56,2800000,0.3027027027,1,45.0,50,0,0,0,0,0,0,0,1
51,Bryce Meccage,57,2500000,0.2702702703,1,40.0,20,0,0,0,0,0,0,1,0
52,Khal Stephen,59,1116750,0.1207297297,0,40.0,50,0,0,0,0,0,0,1,0
53,Billy Amick,60,1453700,0.1571567568,0,37.5,20,0,0,0,1,0,0,0,0
54,Ethan Anderson,61,1172500,0.1267567568,0,37.5,50,0,1,0,0,0,0,0,0
55,Carter Holton,62,1347500,0.1456756757,0,37.5,50,0,0,0,0,1,0,0,0
56,Griffin Burkholder,63,2497500,0.27,1,40.0,20,0,0,1,0,0,0,0,0
57,Ivan Luciano,64,990000,0.107027027,1,37.5,20,0,1,0,0,0,0,0,0
58,Dylan Dreiling,65,1287600,0.1392,0,37.5,20,0,0,0,0,0,1,0,0
59,Blake Larson,68,1397500,0.1510810811,1,37.5,20,0,0,0,0,1,0,0,0
60,Dasan Hill,69,1997500,0.2159459459,1,45.0,20,0,0,0,0,1,0,0,0
61,Aiden May,70,900000,0.0972972973,0,40.0,50,0,0,0,0,0,0,1,0
62,Luke Holman,71,997500,0.1078378378,0,40.0,50,0,0,0,0,0,0,1,0
63,Ethan Schiefelbein,72,1797500,0.1943243243,1,40.0,80,0,0,0,0,1,0,0,0
64,Gage Jump,73,2000000,0.2162162162,0,37.5,50,0,0,0,0,1,0,0,0
65,Ryan Johnson,74,1747500,0.1889189189,0,40.0,50,0,0,0,0,0,0,1,0
66,Josh Kuroda-Grauer,75,1043900,0.1128540541,0,37.5,50,0,0,0,1,0,0,0,0
67,Drew Beam,76,1097500,0.1186486486,0,37.5,50,0,0,0,0,0,0,1,0
68,Cole Messina,77,1011900,0.1093945946,0,35.0,80,0,1,0,0,0,0,0,0
69,Nick McLain,78,800000,0.08648648649,0,35.0,80,0,0,0,1,0,0,0,0
70,Kevin Bazzell,79,980300,0.1059783784,0,40.0,80,0,1,0,0,0,0,0,0
71,Brian Holiday,80,800000,0.08648648649,0,35.0,80,0,0,0,0,0,0,1,0
72,Nate Dohm,82,797500,0.08621621622,0,37.5,20,0,0,0,0,0,0,1,0
73,Josh Hartle,83,850000,0.09189189189,0,40.0,50,0,0,0,0,1,0,0,0
74,Joey Oakie,84,2000000,0.2162162162,1,42.5,20,0,0,0,0,0,0,1,0
75,Josh Randall,85,697500,0.07540540541,0,37.5,50,0,0,0,0,0,0,1,0
76,Brandon Neely,86,700000,0.07567567568,0,35.0,80,0,0,0,0,0,0,1,0
77,Mike Sirota,87,863300,0.09332972973,0,40.0,50,0,0,1,0,0,0,0,0
78,Cobb Hightower,88,852300,0.09214054054,1,37.5,20,0,0,0,0,0,0,0,1
79,Thatcher Hurd,89,836400,0.09042162162,0,40.0,50,0,0,0,0,0,0,1,0
80,Ronny Cruz,90,620000,0.06702702703,1,37.5,20,0,0,0,0,0,0,0,1
81,Hunter Cranton,91,50000,0.005405405405,0,40.0,80,0,0,0,0,0,0,1,0
82,Gage Miller,92,800800,0.08657297297,0,35.0,80,0,0,0,1,0,0,0,0
83,Jaron DeBerry,93,25000,0.002702702703,0,37.5,50,0,0,0,0,0,0,1,0
84,Nathan Flewelling,94,774000,0.08367567568,1,37.5,20,0,1,0,0,0,0,0,0
85,Johnny King,95,1247500,0.1348648649,1,37.5,80,0,0,0,0,1,0,0,0
86,Khadim Diaw,96,597500,0.06459459459,0,37.5,20,0,1,0,0,0,0,0,0
87,Austin Overn,97,847500,0.09162162162,0,37.5,20,0,0,1,0,0,0,0,0
88,Chase Harlan,98,1747500,0.1889189189,1,37.5,20,0,0,0,1,0,0,0,0
89,Luke Sinnard,99,735300,0.07949189189,0,40.0,20,0,0,0,0,0,0,1,0
90,John Spikerman,100,672500,0.0727027027,0,37.5,80,0,0,0,0,0,0,0,1
91,Ryan Forcucci,101,997500,0.1078378378,0,40.0,20,0,0,0,0,0,0,1,0
92,Daniel Eagen,102,650000,0.07027027027,0,40.0,20,0,0,0,0,0,0,1,0
93,Casey Cook,103,700000,0.07567567568,0,37.5,80,0,0,0,0,0,1,0,0
94,Rodney Green,104,1000000,0.1081081081,0,35.0,20,0,0,0,0,0,1,0,0
95,Blake Wright,106,250000,0.02702702703,0,35.0,50,0,0,0,1,0,0,0,0
96,Casey Saucke,107,847500,0.09162162162,0,35.0,50,0,0,0,0,0,1,0,0
97,Jackson Kent,108,625000,0.06756756757,0,35.0,80,0,0,0,0,1,0,0,0
98,Ryan Campos,109,669300,0.07235675676,0,35.0,80,0,1,0,0,0,0,0,0
99,Austin Gordon,110,572500,0.06189189189,0,35.0,50,0,0,0,0,0,0,1,0
100,Eddie Rynders,112,647200,0.06996756757,1,37.5,20,0,0,0,0,0,0,0,1
101,Rafe Schlesinger,113,466900,0.05047567568,0,35.0,80,0,0,0,0,1,0,0,0
102,Michael Massey,114,522500,0.05648648649,0,40.0,50,0,0,0,0,0,0,1,0
103,Zach Ehrhard,115,500000,0.05405405405,0,37.5,20,0,0,0,0,0,1,0,0
104,Dakota Jordan,116,1997500,0.2159459459,0,37.5,20,0,0,1,0,0,0,0,0
105,Peyton Stovall,117,625000,0.06756756757,0,37.5,80,0,0,0,1,0,0,0,0
106,Tyson Neighbors,118,600000,0.06486486486,0,40.0,50,0,0,0,0,0,0,1,0
107,Gage Ziehl,119,637000,0.06886486486,0,35.0,80,0,0,0,0,0,0,1,0
108,Ty Southisene,120,1000000,0.1081081081,1,35.0,20,0,0,0,0,0,0,0,1
109,Josh Caron,121,594000,0.06421621622,0,37.5,50,0,1,0,0,0,0,0,0
110,Fenwick Trimble,122,550000,0.05945945946,0,35.0,50,0,0,1,0,0,0,0,0
111,Marco Dinges,123,500000,0.05405405405,0,35.0,20,0,1,0,0,0,0,0,0
112,Nate Knowles,124,397500,0.04297297297,0,35.0,20,0,0,0,0,0,0,1,0
113,Sean Keys,125,569700,0.06158918919,0,40.0,50,0,0,0,1,0,0,0,0
114,Jaime Ferrer,126,425550,0.04600540541,0,30.0,20,0,0,0,0,0,1,0,0
115,Chase Allsup,127,522500,0.05648648649,0,30.0,20,0,0,0,0,0,0,1,0
116,Jakob Wright,128,553800,0.05987027027,0,30.0,20,0,0,0,0,1,0,0,0
117,Herick Hernandez,129,472500,0.05108108108,0,30.0,20,0,0,0,0,1,0,0,0
118,Carson DeMartini,130,542900,0.05869189189,0,37.5,20,0,0,0,0,0,0,0,1
119,Parker Smith,131,447500,0.04837837838,0,35.0,20,0,0,0,0,0,0,1,0
120,Tytus Cissell,132,800000,0.08648648649,1,37.5,20,0,0,0,0,0,0,0,1
121,David Hagaman,133,515000,0.05567567568,0,42.5,20,0,0,0,0,0,0,1,0
122,Kavares Tears,134,525200,0.05677837838,0,40.0,20,0,0,0,0,0,1,0,0
123,Clark Candiotti,135,80000,0.008648648649,0,30.0,20,0,0,0,0,0,0,1,0
124,Nick Mitchell,136,467500,0.05054054054,0,30.0,20,0,0,0,0,0,1,0,0
125,Sam Stuhr,137,510000,0.05513513514,0,30.0,20,0,0,0,0,0,0,1,0
126,A.J. Causey,138,477500,0.05162162162,0,30.0,20,0,0,0,0,0,0,1,0
127,Sam Antonacci,140,572500,0.06189189189,0,30.0,20,0,0,0,1,0,0,0,0
128,Braden Davis,142,485700,0.05250810811,0,37.5,20,0,0,0,0,1,0,0,0
129,Dylan Jordan,143,1247500,0.1348648649,1,30.0,20,0,0,0,0,0,0,1,0
130,Trey Snyder,144,1322500,0.142972973,1,35.0,20,0,0,0,0,0,0,0,1
131,Will Taylor,145,497500,0.05378378378,0,30.0,20,0,0,0,0,0,1,0,0
132,Aidan Major,146,425000,0.04594594595,0,30.0,20,0,0,0,0,0,0,1,0
133,Jack Penney,147,397500,0.04297297297,0,30.0,20,0,0,0,0,0,0,0,1
134,Brandon Clarke,148,400000,0.04324324324,0,37.5,20,0,0,0,0,1,0,0,0
135,Jakob Christian,149,397500,0.04297297297,0,30.0,20,0,0,0,0,0,1,0,0
136,Tristan Smith,150,600000,0.06486486486,0,30.0,20,0,0,0,0,1,0,0,0
137,Kale Fountain,151,1700000,0.1837837838,1,37.5,20,0,0,0,1,0,0,0,0
138,Greysen Carter,152,440100,0.04757837838,0,30.0,20,0,0,0,0,0,0,1,0
139,Ariel Armas,153,375000,0.04054054054,0,30.0,20,0,1,0,0,0,0,0,0
140,Charlie Beilenson,154,25000,0.002702702703,0,30.0,20,0,0,0,0,0,0,1,0
141,Grant Shepardson,155,897500,0.09702702703,1,37.5,20,0,0,0,0,0,0,1,0
142,John Holobetz,156,322500,0.03486486486,0,30.0,20,0,0,0,0,0,0,1,0
143,Jacob Kmatz,157,397500,0.04297297297,0,30.0,20,0,0,0,0,0,0,1,0
144,Jackson Wentworth,158,412100,0.04455135135,0,35.0,20,0,0,0,0,0,0,1,0
145,Caden Kendle,159,147500,0.01594594595,0,30.0,20,0,0,0,0,0,1,0,0
146,Ryan Stafford,160,404500,0.04372972973,0,37.5,20,0,1,0,0,0,0,0,0
147,Carter Mathison,162,447500,0.04837837838,0,35.0,20,0,0,0,0,0,1,0,0
148,Cole Hertzler,163,393700,0.04256216216,0,37.5,20,0,0,0,0,0,0,1,0
149,Connor Foley,164,1000000,0.1081081081,0,30.0,20,0,0,0,0,0,0,1,0
150,Devin Fitz-Gerald,165,900000,0.0972972973,1,30.0,20,0,0,0,0,0,0,0,1
151,Mason Marriott,194,241000,0.02605405405,0,37.5,50,0,0,0,0,0,0,1,0
152,Dennis Colleran,197,247500,0.02675675676,0,37.5,50,0,0,0,0,0,0,1,0
153,Brock Moore,213,200000,0.02162162162,0,37.5,50,0,0,0,0,0,0,1,0
154,Luke Hayden,239,197500,0.02135135135,0,40.0,20,0,0,0,0,0,0,1,0
155,Chase Mobley,295,1800000,0.1945945946,1,40.0,20,0,0,0,0,0,0,1,0
