,name,number,bonus,pct_max_bonus,hs,fv,risk,position_1B,position_C,position_CF,position_IF,position_LHP,position_OF,position_RHP,position_SS
0,Jackson Glenn,133,12500,0.001577884373,0,37.5,80,0,0,0,1,0,0,0,0
1,Parker Bates,259,17500,0.002209038122,0,35.0,80,0,0,0,0,0,1,0,0
2,Mike Antico,241,20000,0.002524614996,0,35.0,80,0,0,1,0,0,0,0,0
3,Dylan Dodd,96,122500,0.01546326685,0,35.0,50,0,0,0,0,1,0,0,0
4,Parker Chavers,214,125000,0.01577884373,0,35.0,20,0,0,1,0,0,0,0,0
5,Eduardo Rivera,338,125000,0.01577884373,1,37.5,20,0,0,0,0,1,0,0,0
6,Liam Spence,154,135000,0.01704115122,0,35.0,50,0,0,0,0,0,0,0,1
7,Kevin Abel,210,172500,0.02177480434,0,37.5,50,0,0,0,0,0,0,1,0
8,Brooks Gosswein,124,200000,0.02524614996,0,35.0,20,0,0,0,0,1,0,0,0
9,Jose Pena,175,222500,0.02808634183,1,37.5,20,0,0,0,0,0,0,1,0
10,Tanner Allen,118,247500,0.03124211058,0,37.5,80,0,0,0,0,0,1,0,0
11,Niko Kavadas,316,250000,0.03155768745,0,40.0,80,1,0,0,0,0,0,0,0
12,Thomas Farr,150,297500,0.03755364807,0,35.0,50,0,0,0,0,0,0,1,0
13,Kevin Kopps,99,300000,0.03786922494,0,37.5,50,0,0,0,0,0,0,1,0
14,Jackson Wolf,129,300000,0.03786922494,0,37.5,80,0,0,0,0,1,0,0,0
15,Bryan Woo,174,318200,0.04016662459,0,37.5,50,0,0,0,0,0,0,1,0
16,Griff McGarry,145,322500,0.04070941681,0,37.5,20,0,0,0,0,0,0,1,0
17,Max Ferguson,160,324100,0.04091138601,0,40.0,20,0,0,0,1,0,0,0,0
18,Chad Patrick,107,350000,0.04418076243,0,35.0,80,0,0,0,0,0,0,1,0
19,Chayce McDermott,132,375000,0.04733653118,0,37.5,50,0,0,0,0,0,0,1,0
20,Tyler Mattison,104,400000,0.05049229992,0,37.5,50,0,0,0,0,0,0,1,0
21,Bryce Miller,113,400000,0.05049229992,0,40.0,20,0,0,0,0,0,0,1,0
22,T.J. White,143,400000,0.05049229992,1,40.0,20,0,0,1,0,0,0,0,0
23,Caleb Roberts,138,402000,0.05074476142,0,37.5,80,0,1,0,0,0,0,0,0
24,Cal Conley,126,422500,0.0533324918,0,37.5,20,0,0,0,1,0,0,0,0
25,Luca Tresh,499,423000,0.05339560717,0,40.0,50,0,1,0,0,0,0,0,0
26,Christian Franklin,123,425000,0.05364806867,0,42.5,50,0,0,1,0,0,0,0,0
27,Adam Shoemaker,337,477500,0.06027518303,1,37.5,20,0,0,0,0,1,0,0,0
28,Chase Silseth,321,485000,0.06122191366,0,37.5,50,0,0,0,0,0,0,1,0
29,Elmer Rodriguez-Cruz,105,497500,0.06279979803,1,37.5,20,0,0,0,0,0,0,1,0
30,Jacob Steinmetz,77,500000,0.06311537491,1,37.5,20,0,0,0,0,0,0,1,0
31,Cade Povich,98,500000,0.06311537491,0,37.5,50,0,0,0,0,1,0,0,0
32,Nick Nastrini,131,500000,0.06311537491,0,37.5,20,0,0,0,0,0,0,1,0
33,Eric Cerantola,139,500000,0.06311537491,0,37.5,20,0,0,0,0,0,0,1,0
34,Ryan Bergert,190,500000,0.06311537491,0,37.5,50,0,0,0,0,0,0,1,0
35,Mason Miller,97,599100,0.07562484221,0,35.0,50,0,0,0,0,0,0,1,0
36,Branden Boissiere,82,600000,0.07573844989,0,37.5,50,0,0,0,0,0,1,0,0
37,Austin Love,90,600000,0.07573844989,0,37.5,50,0,0,0,0,0,0,1,0
38,Owen Kellington,102,600000,0.07573844989,1,37.5,20,0,0,0,0,0,0,1,0
39,Hunter Goodman,109,600000,0.07573844989,0,40.0,20,0,1,0,0,0,0,0,0
40,Jose Torres,89,622500,0.07857864176,0,40.0,20,0,0,0,0,0,0,0,1
41,Ricky Tiedemann,91,644800,0.08139358748,0,40.0,20,0,0,0,0,1,0,0,0
42,Alex Binelas,86,700000,0.08836152487,0,42.5,80,0,0,0,1,0,0,0,0
43,Ian Moller,103,700000,0.08836152487,1,40.0,20,0,1,0,0,0,0,0,0
44,Denzel Clarke,127,700000,0.08836152487,0,40.0,20,0,0,1,0,0,0,0,0
45,Mason Black,85,710700,0.08971219389,0,37.5,20,0,0,0,0,0,0,1,0
46,Jordan Viars,84,747500,0.09435748548,1,37.5,20,0,0,1,0,0,0,0,0
47,Luke Murphy,110,750000,0.09467306236,0,37.5,80,0,0,0,0,0,0,1,0
48,Dominic Hamel,81,755300,0.09534208533,0,40.0,50,0,0,0,0,0,0,1,0
49,Landon Marceaux,80,767800,0.0969199697,0,37.5,80,0,0,0,0,0,0,1,0
50,Micah Ottenbreit,114,775000,0.0978288311,1,40.0,20,0,0,0,0,0,0,1,0
51,McCade Brown,79,780400,0.09851047715,0,40.0,50,0,0,0,0,0,0,1,0
52,Reed Trimble,65,800000,0.1009845998,0,42.5,20,0,0,1,0,0,0,0,0
53,Jordan McCants,88,800000,0.1009845998,1,37.5,20,0,0,0,0,0,0,0,1
54,Tyler McDonough,75,828600,0.1045947993,0,42.5,50,0,0,0,1,0,0,0,0
55,Aaron Zavala,38,830000,0.1047715223,0,42.5,50,0,0,0,1,0,0,0,0
56,Jake Fox,95,850000,0.1072961373,1,37.5,20,0,0,0,0,0,0,0,1
57,Irv Carter,152,850000,0.1072961373,1,37.5,50,0,0,0,0,0,0,1,0
58,Tanner McDougal,155,850000,0.1072961373,1,37.5,20,0,0,0,0,0,0,1,0
59,Ryan Holgate,70,875000,0.1104519061,0,40.0,50,0,0,0,0,0,1,0,0
60,Robert Gasser,71,884200,0.111613229,0,37.5,50,0,0,0,0,1,0,0,0
61,Drew Gray,93,900000,0.1136076748,1,40.0,20,0,0,0,0,1,0,0,0
62,Sean Burke,94,900000,0.1136076748,0,40.0,20,0,0,0,0,0,0,1,0
63,Calvin Ziegler,46,910000,0.1148699823,1,37.5,20,0,0,0,0,0,0,1,0
64,Joe Rock,68,953100,0.1203105276,0,40.0,20,0,0,0,0,1,0,0,0
65,Shane Panzini,108,997500,0.1259151729,1,40.0,80,0,0,0,0,0,0,1,0
66,Russell Smith,51,1000000,0.1262307498,0,40.0,20,0,0,0,0,1,0,0,0
67,Spencer Schwellenbach,59,1000000,0.1262307498,0,42.5,50,0,0,0,0,0,0,1,0
68,Adrian Del Castillo,67,1000000,0.1262307498,0,42.5,50,0,1,0,0,0,0,0,0
69,Cameron Cauley,73,1000000,0.1262307498,1,37.5,20,0,0,0,0,0,0,0,1
70,Alec Willis,211,1000000,0.1262307498,1,40.0,20,0,0,0,0,0,0,1,0
71,Peyton Wilson,66,1003300,0.1266473113,0,40.0,20,0,0,0,1,0,0,0,0
72,Brendan Beck,55,1050000,0.1325422873,0,37.5,80,0,0,0,0,0,0,1,0
73,Carter Jensen,78,1097500,0.1385382479,1,40.0,20,0,1,0,0,0,0,0,0
74,Ryan Spikes,100,1097500,0.1385382479,1,37.5,20,0,0,0,1,0,0,0,0
75,Tommy Mace,69,1100000,0.1388538248,0,42.5,80,0,0,0,0,0,0,1,0
76,Dylan Smith,74,1115000,0.140747286,0,40.0,80,0,0,0,0,0,0,1,0
77,Zack Gelof,60,1157400,0.1460994698,0,40.0,80,0,0,0,1,0,0,0,0
78,Matt Mikulski,50,1200000,0.1514768998,0,42.5,20,0,0,0,0,1,0,0,0
79,Doug Nikhazy,58,1200000,0.1514768998,0,40.0,80,0,0,0,0,1,0,0,0
80,Ryan Bliss,42,1250000,0.1577884373,0,40.0,80,0,0,0,1,0,0,0,0
81,Mason Albright,351,1250000,0.1577884373,1,35.0,20,0,0,0,0,1,0,0,0
82,Peter Heubeck,101,1272000,0.1605655138,1,40.0,20,0,0,0,0,0,0,1,0
83,Andrew Abbott,53,1300000,0.1640999748,0,40.0,50,0,0,0,0,1,0,0,0
84,John Rhodes,76,1375000,0.173567281,0,37.5,20,0,0,0,1,0,0,0,0
85,Cody Morissette,52,1403200,0.1771269881,0,45.0,50,0,0,0,0,0,0,0,1
86,Eric Silva,115,1497500,0.1890305478,1,37.5,50,0,0,0,0,0,0,1,0
87,Michael Morales,83,1500000,0.1893461247,1,40.0,20,0,0,0,0,0,0,1,0
88,Tyler Whitaker,87,1500000,0.1893461247,1,37.5,20,0,0,0,0,0,1,0,0
89,Brock Selvidge,92,1500000,0.1893461247,1,37.5,20,0,0,0,0,1,0,0,0
90,Ethan Wilson,49,1507600,0.1903054784,0,45.0,20,0,0,0,0,0,1,0,0
91,Edwin Arroyo,48,1650000,0.2082807372,1,40.0,20,0,0,0,0,0,0,0,1
92,Jaden Hill,44,1689500,0.2132668518,0,42.5,20,0,0,0,0,0,0,1,0
93,Noah Miller,36,1700000,0.2145922747,1,42.5,50,0,0,0,0,0,0,0,1
94,Connor Norby,41,1700000,0.2145922747,0,42.5,50,0,0,0,1,0,0,0,0
95,Ky Bush,45,1750000,0.2209038122,0,42.5,50,0,0,0,0,1,0,0,0
96,Daylen Lile,47,1750000,0.2209038122,1,40.0,50,0,0,0,0,0,1,0,0
97,Jackson Merrill,27,1800000,0.2272153497,1,40.0,20,0,0,0,0,0,0,0,1
98,Wes Kath,57,1800000,0.2272153497,1,42.5,20,0,0,0,0,0,0,0,1
99,Matheu Nelson,35,2095800,0.2645544055,0,42.5,50,0,1,0,0,0,0,0,0
100,James Triantos,56,2100000,0.2650845746,1,42.5,50,0,0,0,0,0,0,0,1
101,Cooper Kinney,34,2145600,0.2708406968,1,42.5,20,0,0,0,1,0,0,0,0
102,Maddux Bruns,29,2200000,0.2777076496,1,42.5,20,0,0,0,0,1,0,0,0
103,Tyler Black,33,2200000,0.2777076496,0,42.5,50,0,0,0,1,0,0,0,0
104,Gavin Williams,23,2250000,0.2840191871,0,45.0,50,0,0,0,0,0,0,1,0
105,Joshua Baez,54,2250000,0.2840191871,1,45.0,20,0,0,0,0,0,1,0,0
106,Carson Williams,28,2347500,0.2963266852,1,42.5,20,0,0,0,0,0,0,0,1
107,Jay Allen,30,2400000,0.3029537995,1,42.5,20,0,0,0,0,0,1,0,0
108,Chase Petty,26,2500000,0.3155768745,1,42.5,20,0,0,0,0,0,0,1,0
109,Joe Mack,31,2500000,0.3155768745,1,42.5,20,0,1,0,0,0,0,0,0
110,Ty Madden,32,2500000,0.3155768745,0,45.0,50,0,0,0,0,0,0,1,0
111,James Wood,62,2600000,0.3281999495,1,40.0,20,1,0,0,0,0,0,0,0
112,Ryan Cusick,24,2700000,0.3408230245,0,45.0,20,0,0,0,0,0,0,1,0
113,Michael McGreevy,18,2750000,0.347134562,0,42.5,20,0,0,0,0,0,0,1,0
114,Izaac Pacheco,39,2750000,0.347134562,1,40.0,50,0,0,0,1,0,0,0,0
115,Anthony Solometo,37,2800000,0.3534460995,1,42.5,20,0,0,0,0,1,0,0,0
116,Max Muncy,25,2850000,0.359757637,1,42.5,20,0,0,0,0,0,0,0,1
117,Trey Sweeney,20,3000000,0.3786922494,0,40.0,50,0,0,0,1,0,0,0,0
118,Ben Kudrna,43,3000000,0.3786922494,1,42.5,20,0,0,0,0,0,0,1,0
119,Bubba Chandler,72,3000000,0.3786922494,1,45.0,20,0,0,0,0,0,0,1,0
120,Colson Montgomery,22,3027000,0.3821004797,1,42.5,20,0,0,0,0,0,0,0,1
121,Jordan Wicks,21,3132300,0.3953925776,0,45.0,80,0,0,0,0,1,0,0,0
122,Gunnar Hoglund,19,3247500,0.40993436,0,45.0,50,0,0,0,0,0,0,1,0
123,Frank Mozzicato,7,3550000,0.4481191618,1,42.5,20,0,0,0,0,1,0,0,0
124,Will Bednar,14,3650000,0.4607422368,0,42.5,20,0,0,0,0,0,0,1,0
125,Sam Bachman,9,3847500,0.4856728099,0,45.0,20,0,0,0,0,0,0,1,0
126,Andrew Painter,13,3900000,0.4922999243,1,45.0,20,0,0,0,0,0,0,1,0
127,Sal Frelick,15,4000000,0.5049229992,0,47.5,50,0,0,1,0,0,0,0,0
128,Harry Ford,12,4366400,0.551173946,1,45.0,20,0,1,0,0,0,0,0,0
129,Kahlil Watson,16,4540790,0.5731873264,1,50.0,20,0,0,0,0,0,0,0,1
130,Matt McLain,17,4625000,0.5838172179,0,45.0,80,0,0,0,0,0,0,0,1
131,Colton Cowser,5,4900000,0.6185306741,0,50.0,80,0,0,1,0,0,0,0,0
132,Benny Montgomery,8,5000000,0.6311537491,1,45.0,20,0,0,1,0,0,0,0,0
133,Brady House,11,5000000,0.6311537491,1,47.5,20,0,0,0,1,0,0,0,0
134,Henry Davis,1,6500000,0.8204998738,0,50.0,50,0,1,0,0,0,0,0,0
135,Marcelo Mayer,4,6664000,0.8412017167,1,50.0,20,0,0,0,0,0,0,0,1
136,Jordan Lawlar,6,6713300,0.8474248927,1,50.0,50,0,0,0,0,0,0,0,1
137,Jackson Jobe,3,6900000,0.8709921737,1,47.5,20,0,0,0,0,0,0,1,0
138,Jack Leiter,2,7922000,1.0,0,50.0,50,0,0,0,0,0,0,1,0
139,Jackson Smeltz,300,25000,0.003052503053,0,37.5,50,0,0,0,0,1,0,0,0
140,Alex Hoppe,189,32250,0.003937728938,0,37.5,50,0,0,0,0,0,0,1,0
141,Ryan Jennings,128,70000,0.008547008547,0,37.5,50,0,0,0,0,0,0,1,0
142,Ben Metzinger,222,97500,0.0119047619,0,37.5,50,0,0,0,1,0,0,0,0
143,Collin Price,193,122500,0.01495726496,0,37.5,20,0,1,0,0,0,0,0,0
144,Cade Halemanu,314,122500,0.01495726496,0,37.5,20,0,0,0,0,0,0,1,0
145,Javier Santos,211,125000,0.01526251526,1,37.5,20,0,0,0,0,0,0,1,0
146,Chase Estep,269,125000,0.01526251526,0,37.5,50,0,0,0,1,0,0,0,0
147,Alex Williams,322,125000,0.01526251526,0,35.0,20,0,0,0,0,1,0,0,0
148,Ryan Ramsey,385,125000,0.01526251526,0,37.5,50,0,0,0,0,1,0,0,0
149,Tyler Cleveland,426,125000,0.01526251526,0,37.5,50,0,0,0,0,0,0,1,0
150,Cory Lewis,264,140000,0.01709401709,0,37.5,80,0,0,0,0,0,0,1,0
151,Will Rudy,162,150000,0.01831501832,0,37.5,20,0,0,0,0,0,0,1,0
152,A.J. Blubaugh,223,172500,0.02106227106,0,37.5,50,0,0,0,0,0,0,1,0
153,Chris McElvain,243,175700,0.02145299145,0,37.5,50,0,0,0,0,0,0,1,0
154,Eric Adler,191,200000,0.02442002442,0,37.5,50,0,0,0,0,0,0,1,0
155,Trey Faltine,213,200000,0.02442002442,0,37.5,50,0,0,0,0,0,0,0,1
156,Tyler Stuart,179,220000,0.02686202686,0,37.5,20,0,0,0,0,0,0,1,0
157,Jonah Tong,209,226000,0.02759462759,1,37.5,20,0,0,0,0,0,0,1,0
158,Victor Mederos,178,227750,0.02780830281,0,37.5,20,0,0,0,0,0,0,1,0
159,Mack Anglin,205,231100,0.02821733822,0,37.5,20,0,0,0,0,0,0,1,0
160,Chase Meidroth,129,272500,0.03327228327,0,37.5,50,0,0,0,0,0,1,0,0
161,Nate Furman,121,300000,0.03663003663,0,37.5,80,0,0,0,1,0,0,0,0
162,Hayden Dunhurst,175,300000,0.03663003663,0,40.0,20,0,1,0,0,0,0,0,0
163,Andrew Pintar,138,316950,0.0386996337,0,40.0,20,0,0,0,1,0,0,0,0
164,Nathan Martorella,150,325000,0.03968253968,0,37.5,20,1,0,0,0,0,0,0,0
165,Noah Dean,159,325000,0.03968253968,0,37.5,20,0,0,0,0,1,0,0,0
166,Spencer Miles,136,347500,0.04242979243,0,35.0,20,0,0,0,0,0,0,1,0
167,Cade Hunter,153,362100,0.04421245421,0,45.0,20,0,1,0,0,0,0,0,0
168,Nick Biddison,135,382500,0.0467032967,0,35.0,50,0,0,0,0,0,1,0,0
169,Brandon Birdsell,143,385000,0.04700854701,0,40.0,50,0,0,0,0,0,0,1,0
170,Luke Gold,147,386900,0.04724053724,0,40.0,50,0,0,0,1,0,0,0,0
171,Dominic Keegan,134,397500,0.04853479853,0,37.5,50,1,0,0,0,0,0,0,0
172,Trace Bright,137,400000,0.04884004884,0,37.5,20,0,0,0,0,0,0,1,0
173,Spencer Giesting,318,400000,0.04884004884,0,37.5,50,0,0,0,0,1,0,0,0
174,Josh White,142,406500,0.04963369963,0,37.5,50,0,0,0,0,0,0,1,0
175,Kenya Huggins,123,407500,0.04975579976,0,40.0,20,0,0,0,0,0,0,1,0
176,Jared McKenzie,141,410500,0.05012210012,0,37.5,50,0,0,1,0,0,0,0,0
177,Trey Dombroski,133,443900,0.0542002442,0,35.0,80,0,0,0,0,1,0,0,0
178,Dalton Rogers,99,447500,0.05463980464,0,37.5,80,0,0,0,0,1,0,0,0
179,Jordan Sprinkle,131,452900,0.0552991453,0,40.0,80,0,0,0,1,0,0,0,0
180,Anthony Hall,130,456500,0.05573870574,0,37.5,50,0,0,0,0,0,1,0,0
181,David McCabe,125,476400,0.05816849817,0,37.5,50,1,0,0,0,0,0,0,0
182,Michael Knorr,103,487500,0.05952380952,0,40.0,50,0,0,0,0,0,0,1,0
183,Jacob Watters,124,491750,0.06004273504,0,40.0,50,0,0,0,0,0,0,1,0
184,Alan Roden,98,497500,0.06074481074,0,37.5,80,1,0,0,0,0,0,0,0
185,Andrew Morris,114,500000,0.06105006105,0,37.5,50,0,0,0,0,0,0,1,0
186,Steven Zobac,115,500000,0.06105006105,0,35.0,50,0,0,0,0,0,0,1,0
187,Marcus Johnson,112,510000,0.06227106227,0,37.5,50,0,0,0,0,0,0,1,0
188,Troy Melton,117,517900,0.06323565324,0,35.0,20,0,0,0,0,0,0,1,0
189,Bryce Hubbart,94,522500,0.0637973138,0,37.5,50,0,0,0,0,0,0,1,0
190,William Kempner,106,525000,0.0641025641,0,37.5,20,0,0,0,0,0,0,1,0
191,Ryan Ritter,116,530000,0.06471306471,0,35.0,20,0,0,0,0,0,0,0,1
192,Dylan Ray,108,565800,0.06908424908,0,35.0,50,0,0,0,0,0,0,1,0
193,Silas Ardoin,107,571400,0.06976800977,0,37.5,50,0,1,0,0,0,0,0,0
194,Alex McFarlane,122,575000,0.07020757021,0,37.5,20,0,0,0,0,0,0,1,0
195,Alex Freeland,105,580200,0.07084249084,0,37.5,50,0,0,0,1,0,0,0,0
196,Trevor Martin,104,586200,0.07157509158,0,37.5,50,0,0,0,0,0,0,1,0
197,Dylan O'Rae,102,597500,0.07295482295,0,37.5,20,0,0,0,1,0,0,0,0
198,Gary Gill Hill,194,597500,0.07295482295,1,37.5,20,0,0,0,0,0,0,1,0
199,Trystan Vrieling,100,611400,0.07465201465,0,40.0,50,0,0,0,0,0,0,1,0
200,Pete Hansen,97,629800,0.0768986569,0,37.5,50,0,0,0,0,1,0,0,0
201,Drake Baldwin,96,633300,0.07732600733,0,40.0,20,0,1,0,0,0,0,0,0
202,Blake Burkhalter,76,647500,0.07905982906,0,40.0,50,0,0,0,0,0,0,1,0
203,Mason Barnett,87,697500,0.08516483516,0,37.5,50,0,0,0,0,0,0,1,0
204,Seth Keller,185,697500,0.08516483516,1,37.5,20,0,0,0,0,0,0,1,0
205,Nate Savino,82,700000,0.08547008547,0,37.5,20,0,0,0,0,1,0,0,0
206,Chandler Simpson,70,750000,0.09157509158,0,40.0,20,0,0,0,1,0,0,0,0
207,Ryan Cermak,71,750000,0.09157509158,0,37.5,20,0,0,0,0,0,1,0,0
208,Colby Thomas,95,750000,0.09157509158,0,35.0,20,0,0,0,0,0,1,0,0
209,Trey Lipscomb,84,758900,0.09266178266,0,40.0,80,0,0,0,1,0,0,0,0
210,Jack Brannigan,83,770700,0.0941025641,0,37.5,20,0,0,0,0,0,0,1,0
211,Carson Palmquist,88,775000,0.09462759463,0,37.5,80,0,0,0,0,1,0,0,0
212,Jacob Reimer,119,775000,0.09462759463,1,37.5,20,0,0,0,1,0,0,0,0
213,Robert Moore,72,800000,0.09768009768,0,45.0,50,0,0,0,1,0,0,0,0
214,Henry Williams,91,800000,0.09768009768,0,40.0,50,0,0,0,0,0,0,1,0
215,Joe Lampe,92,800000,0.09768009768,0,40.0,50,0,0,1,0,0,0,0,0
216,Andrew Taylor,80,807200,0.09855921856,0,37.5,20,0,0,0,0,0,0,1,0
217,Cade Doughty,78,833600,0.1017826618,0,42.5,20,0,0,0,1,0,0,0,0
218,Justin Boyd,73,847500,0.1034798535,0,35.0,80,0,0,1,0,0,0,0,0
219,Clark Elliott,69,900000,0.1098901099,0,37.5,50,0,0,0,0,0,1,0,0
220,Christopher Paciolla,86,900000,0.1098901099,1,40.0,20,0,0,0,1,0,0,0,0
221,Jonathan Cannon,101,925000,0.1129426129,0,40.0,50,0,0,0,0,0,0,1,0
222,Ben Joyce,89,997500,0.1217948718,0,40.0,20,0,0,0,0,0,0,1,0
223,Jake Madden,118,997500,0.1217948718,0,40.0,20,0,0,0,0,0,0,1,0
224,Josh Kasevich,60,1000000,0.1221001221,0,45.0,80,0,0,0,1,0,0,0,0
225,Jacob Melton,64,1000000,0.1221001221,0,40.0,20,0,0,1,0,0,0,0,0
226,Nick Morabito,75,1000000,0.1221001221,1,35.0,50,0,0,0,0,0,1,0,0
227,Michael Kennedy,110,1000000,0.1221001221,1,40.0,50,0,0,0,0,1,0,0,0
228,Brenner Cox,111,1000000,0.1221001221,1,37.5,20,0,0,0,0,0,1,0,0
229,Nazier Mule,113,1000000,0.1221001221,1,40.0,20,0,0,0,0,0,0,1,0
230,Tanner Schobel,68,1002000,0.1223443223,0,40.0,50,0,0,0,0,0,0,0,1
231,Jud Fabian,67,1026800,0.1253724054,0,45.0,20,0,0,1,0,0,0,0,0
232,Logan Tanner,55,1030500,0.1258241758,0,40.0,20,0,1,0,0,0,0,0,0
233,Brock Jones,65,1077600,0.1315750916,0,37.5,20,0,0,0,0,0,1,0,0
234,Brycen Mautz,59,1100000,0.1343101343,0,40.0,80,0,0,0,0,1,0,0,0
235,Drew Thorpe,61,1187600,0.145006105,0,45.0,50,0,0,0,0,0,0,1,0
236,Jacob Zibin,301,1200000,0.1465201465,1,37.5,20,0,0,0,0,0,0,1,0
237,Adam Mazur,53,1250000,0.1526251526,0,42.5,20,0,0,0,0,0,0,1,0
238,Walter Ford,74,1250000,0.1526251526,1,42.5,20,0,0,0,0,0,0,1,0
239,Ryan Clifford,343,1256530,0.1534224664,1,42.5,50,0,0,0,0,0,1,0,0
240,Tyler Locklear,58,1276500,0.1558608059,0,45.0,50,1,0,0,0,0,0,0,0
241,Parker Messick,54,1300000,0.1587301587,0,45.0,80,0,0,0,0,1,0,0,0
242,Ivan Melendez,43,1400000,0.1709401709,0,40.0,20,1,0,0,0,0,0,0,0
243,Cole Phillips,57,1497500,0.1828449328,1,37.5,20,0,0,0,0,0,0,1,0
244,Peyton Pallette,62,1500000,0.1831501832,0,40.0,20,0,0,0,0,0,0,1,0
245,Karson Milbrandt,85,1500000,0.1831501832,1,37.5,20,0,0,0,0,0,0,1,0
246,Hunter Barco,44,1525000,0.1862026862,0,40.0,50,0,0,0,0,1,0,0,0
247,Justin Campbell,37,1700000,0.2075702076,0,45.0,20,0,0,0,0,0,0,1,0
248,Cayden Wallace,49,1700000,0.2075702076,0,42.5,50,0,0,0,1,0,0,0,0
249,Jacob Miller,46,1700400,0.2076190476,1,42.5,20,0,0,0,0,0,0,1,0
250,Jake Bennett,45,1734800,0.2118192918,0,42.5,50,0,0,0,0,1,0,0,0
251,Peyton Graham,51,1800000,0.2197802198,0,47.5,20,0,0,0,0,0,0,0,1
252,Connor Prielipp,48,1825000,0.2228327228,0,45.0,20,0,0,0,0,1,0,0,0
253,Cutter Coffey,41,1850000,0.2258852259,1,37.5,20,0,0,0,0,0,0,0,1
254,Jackson Cox,50,1850000,0.2258852259,1,37.5,20,0,0,0,0,0,0,1,0
255,Blade Tidwell,52,1850000,0.2258852259,0,45.0,20,0,0,0,0,0,0,1,0
256,Carson Whisenhunt,66,1868720,0.2281709402,0,45.0,80,0,0,0,0,1,0,0,0
257,Max Wagner,42,1900000,0.231990232,0,40.0,50,0,0,0,1,0,0,0,0
258,Dalton Rushing,40,1959390,0.2392417582,0,45.0,20,0,1,0,0,0,0,0,0
259,Henry Bolte,56,2000000,0.2442002442,1,37.5,20,0,0,0,0,0,1,0,0
260,Tucker Toman,77,2000000,0.2442002442,1,42.5,20,0,0,0,1,0,0,0,0
261,Thomas Harrington,36,2050000,0.2503052503,0,40.0,50,0,0,0,0,0,0,1,0
262,Sal Stewart,32,2097500,0.2561050061,1,40.0,50,0,0,0,1,0,0,0,0
263,Dylan Beavers,33,2200000,0.2686202686,0,45.0,20,0,0,0,0,0,1,0,0
264,Jordan Beck,38,2200000,0.2686202686,0,40.0,50,0,0,0,0,0,1,0,0
265,Reggie Crawford,30,2297500,0.2805250305,0,40.0,20,0,0,0,0,1,0,0,0
266,Mikey Romero,24,2300000,0.2808302808,1,45.0,50,0,0,0,0,0,0,0,1
267,Landon Sims,34,2347050,0.2865750916,0,42.5,50,0,0,0,0,0,0,1,0
268,Jacob Misiorowski,63,2350000,0.2869352869,0,45.0,20,0,0,0,0,0,0,1,0
269,JR Ritchie,35,2400000,0.293040293,1,45.0,20,0,0,0,0,0,0,1,0
270,Drew Gilbert,28,2500000,0.3052503053,0,45.0,80,0,0,1,0,0,0,0,0
271,Roman Anthony,79,2500000,0.3052503053,1,37.5,20,0,0,0,0,0,1,0,0
272,Xavier Isaac,29,2548900,0.3112210012,1,37.5,50,1,0,0,0,0,0,0,0
273,Owen Murphy,20,2556900,0.3121978022,1,45.0,50,0,0,0,0,0,0,1,0
274,Noah Schultz,26,2800000,0.3418803419,1,42.5,20,0,0,0,0,1,0,0,0
275,Spencer Jones,25,2880800,0.3517460317,0,45.0,20,0,0,0,0,0,1,0,0
276,Robby Snelling,39,3000000,0.3663003663,1,42.5,20,0,0,0,0,1,0,0,0
277,Jackson Ferris,47,3005000,0.3669108669,1,45.0,20,0,0,0,0,1,0,0,0
278,Cooper Hjerpe,22,3182200,0.3885470085,0,45.0,80,0,0,0,0,1,0,0,0
279,Cole Young,21,3300000,0.4029304029,1,45.0,80,0,0,0,0,0,0,0,1
280,Zach Neto,13,3500000,0.4273504274,0,50.0,50,0,0,0,1,0,0,0,0
281,Daniel Susac,19,3531200,0.4311599512,0,45.0,20,0,1,0,0,0,0,0,0
282,Brandon Barriera,23,3597500,0.4392551893,1,45.0,20,0,0,0,0,1,0,0,0
283,Brock Porter,109,3700000,0.4517704518,1,47.5,20,0,0,0,0,0,0,1,0
284,Chase DeLauter,16,3750000,0.4578754579,0,45.0,50,0,0,0,0,0,1,0,0
285,Justin Crawford,17,3894800,0.4755555556,1,47.5,20,0,0,1,0,0,0,0,0
286,Jett Williams,14,3900000,0.4761904762,1,45.0,50,0,0,1,0,0,0,0,0
287,Dylan Lesko,15,3900000,0.4761904762,1,50.0,20,0,0,0,0,0,0,1,0
288,Gabriel Hughes,10,4000000,0.4884004884,0,45.0,50,0,0,0,0,0,0,1,0
289,Cade Horton,7,4450000,0.5433455433,0,47.5,20,0,0,0,0,0,0,1,0
290,Jace Jung,12,4590300,0.5604761905,0,45.0,50,0,0,0,1,0,0,0,0
291,Cam Collier,18,5000000,0.6105006105,1,47.5,50,0,0,0,1,0,0,0,0
292,Kevin Parada,11,5019735,0.6129102564,0,50.0,20,0,0,0,0,0,1,0,0
293,Kumar Rocker,3,5200000,0.6349206349,0,42.5,20,0,0,0,0,0,0,1,0
294,Gavin Cross,9,5202900,0.6352747253,0,45.0,50,0,0,1,0,0,0,0,0
295,Brooks Lee,8,5675000,0.6929181929,0,55.0,50,0,0,0,0,0,0,0,1
296,Jacob Berry,6,6000000,0.7326007326,0,50.0,50,0,0,0,1,0,0,0,0
297,Elijah Green,5,6500000,0.7936507937,1,47.5,20,0,0,1,0,0,0,0,0
298,Termarr Johnson,4,7219000,0.8814407814,1,55.0,20,0,0,0,1,0,0,0,0
299,Druw Jones,2,8189400,0.9999267399,1,60.0,20,0,0,1,0,0,0,0,0
300,Jackson Holliday,1,8190000,1.0,1,55.0,50,0,0,0,0,0,0,0,1
301,Zach Fruit,271,40000,0.004347826087,0,37.5,50,0,0,0,0,0,0,1,0
302,Brett Banks,336,200000,0.02173913043,0,40.0,20,0,0,0,0,0,0,1,0
303,Ty Cummings,217,225000,0.02445652174,0,37.5,80,0,0,0,0,0,0,1,0
304,Jason Woodward,119,247500,0.02690217391,0,30.0,20,0,0,0,0,0,0,1,0
305,George Klassen,193,297500,0.03233695652,0,37.5,20,0,0,0,0,0,0,1,0
306,T.J. Nichols,183,304800,0.03313043478,0,40.0,50,0,0,0,0,0,0,1,0
307,Camden Minacci,174,328500,0.03570652174,0,40.0,50,0,0,0,0,0,0,1,0
308,Austin Troesser,135,350000,0.03804347826,0,30.0,20,0,0,0,0,0,0,1,0
309,Zach Thornton,159,350000,0.03804347826,0,37.5,20,0,0,0,0,1,0,0,0
310,Kevin Sim,148,375000,0.04076086957,0,37.5,20,1,0,0,0,0,0,0,0
311,Christian Knapczyk,161,385000,0.04184782609,0,40.0,50,0,0,0,0,0,0,0,1
312,Drew Dowd,243,397500,0.04320652174,0,40.0,50,0,0,0,0,1,0,0,0
313,Cooper Ingle,125,400000,0.04347826087,0,30.0,20,0,1,0,0,0,0,0,0
314,Emmett Olson,110,460000,0.05,0,30.0,80,0,0,0,0,1,0,0,0
315,Eriq Swan,137,466500,0.05070652174,0,30.0,20,0,0,0,0,0,0,1,0
316,Kristian Campbell,132,492700,0.05355434783,0,40.0,20,0,0,0,1,0,0,0,0
317,Jake Bloss,99,497500,0.05407608696,0,37.5,50,0,0,0,0,0,0,1,0
318,Maui Ahuna,117,497500,0.05407608696,0,42.5,80,0,0,0,0,0,0,0,1
319,Dylan Campbell,136,497500,0.05407608696,0,30.0,20,0,0,0,0,0,1,0,0
320,Khristian Curtis,347,497500,0.05407608696,0,40.0,50,0,0,0,0,0,0,1,0
321,Andrew Pinckney,102,500000,0.05434782609,0,35.0,80,0,0,0,0,0,1,0,0
322,Levi Wells,118,500000,0.05434782609,0,30.0,80,0,0,0,0,0,0,1,0
323,Wyatt Hudepohl,123,500000,0.05434782609,0,37.5,80,0,0,0,0,0,0,1,0
324,Justin Riemer,133,500000,0.05434782609,0,40.0,80,0,0,0,1,0,0,0,0
325,Tanner Hall,114,510000,0.05543478261,0,30.0,50,0,0,0,0,0,0,1,0
326,Hunter Haas,120,534000,0.05804347826,0,30.0,80,0,0,0,0,0,0,0,1
327,Skylar Hales,108,565000,0.06141304348,0,30.0,50,0,0,0,0,0,0,1,0
328,Hunter Hollan,74,597500,0.06494565217,0,37.5,20,0,0,0,0,1,0,0,0
329,Sabin Ceballos,94,597500,0.06494565217,0,40.0,20,0,0,0,1,0,0,0,0
330,Carlson Reed,104,597500,0.06494565217,0,35.0,50,0,0,0,0,0,0,1,0
331,Ben Williamson,57,600000,0.0652173913,0,35.0,50,0,0,0,1,0,0,0,0
332,Teddy McGraw,92,600000,0.0652173913,0,42.5,20,0,0,0,0,0,0,1,0
333,Isaiah Coupet,109,600000,0.0652173913,0,30.0,50,0,0,0,0,1,0,0,0
334,Will Sanders,113,600000,0.0652173913,0,42.5,50,0,0,0,0,0,0,1,0
335,Calvin Harris,116,600000,0.0652173913,0,30.0,20,0,1,0,0,0,0,0,0
336,Devin Saltiban,98,602500,0.06548913043,1,37.5,20,0,0,1,0,0,0,0,0
337,Tavian Josenberger,100,603000,0.06554347826,0,40.0,50,0,0,0,0,0,0,0,1
338,Hunter Owen,106,631700,0.06866304348,0,37.5,80,0,0,0,0,1,0,0,0
339,Wyatt Crowell,127,647500,0.07038043478,0,30.0,20,0,0,0,0,1,0,0,0
340,Kade Morris,101,666500,0.07244565217,0,37.5,50,0,0,0,0,0,0,1,0
341,Kyle Carr,97,692000,0.0752173913,0,37.5,20,0,0,0,0,1,0,0,0
342,Roc Riggio,129,693000,0.07532608696,0,30.0,20,0,0,0,1,0,0,0,0
343,Travis Honeyman,90,700000,0.07608695652,0,42.5,50,0,0,1,0,0,0,0,0
344,Brady Smith,95,703000,0.07641304348,1,40.0,20,0,0,0,0,0,0,1,0
345,Josh Rivera,81,725000,0.07880434783,0,40.0,20,0,0,0,0,0,0,0,1
346,Cole Foster,85,747500,0.08125,0,37.5,80,0,0,0,0,0,0,0,1
347,Garrett Baumann,126,747500,0.08125,1,37.5,20,0,0,0,0,0,0,1,0
348,Nolan McLean,91,747600,0.08126086957,0,37.5,20,0,0,0,0,0,0,1,0
349,Kiefer Lord,86,760000,0.08260869565,0,42.5,20,0,0,0,0,0,0,1,0
350,Carson Rucker,107,772500,0.0839673913,1,30.0,20,0,0,0,1,0,0,0,0
351,Tre' Morgan,88,781300,0.08492391304,0,37.5,80,1,0,0,0,0,0,0,0
352,Seth Keener,84,800000,0.08695652174,0,40.0,50,0,0,0,0,0,0,1,0
353,Joe Whitman,69,805575,0.0875625,0,45.0,50,0,0,0,0,1,0,0,0
354,Alberto Rios,79,847500,0.09211956522,0,40.0,80,0,1,0,0,0,0,0,0
355,Jack Hurley,80,887000,0.09641304348,0,40.0,20,0,0,1,0,0,0,0,0
356,Carson Roccaforte,66,897500,0.09755434783,0,35.0,20,0,0,1,0,0,0,0,0
357,Brock Vradenburg,78,916000,0.09956521739,0,40.0,50,1,0,0,0,0,0,0,0
358,Jack Mahoney,77,925000,0.1005434783,0,30.0,80,0,0,0,0,0,0,1,0
359,Andrew Walters,62,955275,0.1038342391,0,40.0,50,0,0,0,0,0,0,1,0
360,Barrett Kent,234,997500,0.108423913,1,37.5,50,0,0,0,0,0,0,1,0
361,Cole Miller,103,1000000,0.1086956522,1,40.0,20,0,0,0,0,0,0,1,0
362,George Wolkow,209,1000000,0.1086956522,1,37.5,20,1,0,0,0,0,0,0,0
363,Alex Mooney,218,1000000,0.1086956522,0,40.0,80,0,0,0,0,0,0,0,1
364,Cade Kuehler,70,1045000,0.1135869565,0,42.5,20,0,0,0,0,0,0,1,0
365,Grayson Hitt,112,1200000,0.1304347826,0,40.0,50,0,0,0,0,1,0,0,0
366,Aidan Smith,124,1200000,0.1304347826,1,30.0,20,0,0,1,0,0,0,0,0
367,Mike Boeve,54,1250000,0.1358695652,0,40.0,50,0,0,0,1,0,0,0,0
368,Caden Grice,64,1250000,0.1358695652,0,40.0,20,0,0,0,0,1,0,0,0
369,Colton Ledbetter,55,1297500,0.1410326087,0,42.5,50,0,0,0,0,0,1,0,0
370,Cole Carrigg,65,1300000,0.1413043478,0,40.0,50,0,0,1,0,0,0,0,0
371,Jake Gelof,60,1334400,0.1450434783,0,40.0,50,0,0,0,1,0,0,0,0
372,Cooper Pratt,182,1350000,0.1467391304,1,45.0,20,0,0,0,1,0,0,0,0
373,Kemp Alderman,47,1400000,0.152173913,0,40.0,50,0,0,0,0,0,1,0,0
374,Mac Horvath,53,1400000,0.152173913,0,40.0,50,0,0,0,0,0,1,0,0
375,Jaxon Wiggins,68,1401500,0.1523369565,0,40.0,20,0,0,0,0,0,0,1,0
376,Max Anderson,45,1429650,0.1553967391,0,40.0,50,0,0,0,1,0,0,0,0
377,Brandon Sproat,56,1474500,0.1602717391,0,42.5,50,0,0,0,0,0,0,1,0
378,Alonzo Tredwell,61,1497500,0.1627717391,0,40.0,80,0,0,0,0,0,0,1,0
379,Hiro Wyatt,75,1497500,0.1627717391,1,40.0,20,0,0,0,0,0,0,1,0
380,Luke Keaschall,49,1500000,0.1630434783,0,40.0,20,0,0,0,0,0,0,0,1
381,Brandon Winokur,82,1500000,0.1630434783,1,37.5,20,0,0,0,0,0,0,0,1
382,Antonio Anderson,83,1500000,0.1630434783,1,42.5,20,0,0,0,1,0,0,0,0
383,Jackson Baumeister,63,1605100,0.1744673913,0,37.5,50,0,0,0,0,0,0,1,0
384,Mitch Jebb,42,1647500,0.179076087,0,40.0,50,0,0,0,1,0,0,0,0
385,Grant Taylor,51,1659800,0.1804130435,0,40.0,80,0,0,0,0,0,0,1,0
386,Paul Wilson,76,1697500,0.1845108696,1,37.5,50,0,0,0,0,1,0,0,0
387,Ryan Lasko,41,1700000,0.1847826087,0,42.5,20,0,0,1,0,0,0,0,0
388,Sean Sullivan,46,1700000,0.1847826087,0,40.0,80,0,0,0,0,1,0,0,0
389,Eric Bitonti,87,1750000,0.1902173913,1,40.0,20,0,0,0,0,0,1,0,0
390,Gino Groover,48,1783000,0.1938043478,0,45.0,50,0,0,0,1,0,0,0,0
391,Zander Mueth,67,1797500,0.1953804348,1,42.5,20,0,0,0,0,0,0,1,0
392,Kendall George,36,1847500,0.2008152174,1,40.0,20,0,0,1,0,0,0,0,0
393,Cole Schoenwetter,105,1897500,0.20625,1,40.0,20,0,0,0,0,0,0,1,0
394,Drue Hackenberg,59,1997500,0.2171195652,0,37.5,50,0,0,0,0,0,0,1,0
395,Josh Knoth,33,2000000,0.2173913043,1,45.0,20,0,0,0,0,0,0,1,0
396,Adrian Santana,31,2002950,0.2177119565,1,40.0,20,0,0,0,0,0,0,0,1
397,Ty Floyd,38,2097500,0.2279891304,0,42.5,50,0,0,0,0,0,0,1,0
398,Myles Naylor,39,2202500,0.2394021739,1,37.5,20,0,0,0,1,0,0,0,0
399,Brice Matthews,28,2478200,0.2693695652,0,45.0,20,0,0,0,0,0,0,0,1
400,Charlee Soto,34,2481400,0.2697173913,1,40.0,20,0,0,0,0,0,0,1,0
401,Ralphy Velazquez,23,2500000,0.2717391304,1,42.5,20,0,1,0,0,0,0,0,0
402,Tai Peete,30,2500000,0.2717391304,1,45.0,20,0,0,0,1,0,0,0,0
403,Yohandy Morales,40,2600000,0.2826086957,0,47.5,20,0,0,0,1,0,0,0,0
404,Travis Sykora,71,2600000,0.2826086957,1,45.0,20,0,0,0,0,0,0,1,0
405,Colin Houck,32,2750000,0.2989130435,1,45.0,20,0,0,0,0,0,0,0,1
406,Dillon Head,25,2800000,0.3043478261,1,45.0,20,0,0,1,0,0,0,0,0
407,Blake Wolters,44,2800000,0.3043478261,1,42.5,20,0,0,0,0,0,0,1,0
408,Kevin McGonigle,37,2847500,0.3095108696,1,45.0,80,0,0,0,0,0,0,0,1
409,Hurston Waldrep,24,2997500,0.3258152174,0,50.0,20,0,0,0,0,0,0,1,0
410,Walker Martin,52,2997500,0.3258152174,1,42.5,20,0,0,0,0,0,0,0,1
411,Arjun Nimmala,20,3000000,0.3260869565,1,45.0,20,0,0,0,1,0,0,0,0
412,Nazzan Zanetello,50,3000000,0.3260869565,1,45.0,20,0,0,0,0,0,0,0,1
413,Steven Echavarria,72,3000000,0.3260869565,1,42.5,20,0,0,0,0,0,0,1,0
414,Aidan Miller,27,3100000,0.3369565217,1,45.0,50,0,0,0,1,0,0,0,0
415,Brock Wilken,18,3150000,0.3423913043,0,45.0,20,0,0,0,1,0,0,0,0
416,Jonny Farmelo,29,3200000,0.347826087,1,40.0,20,0,0,1,0,0,0,0,0
417,Chase Davis,21,3618200,0.3932826087,0,45.0,20,0,0,0,0,0,1,0,0
418,Colt Emerson,22,3800000,0.4130434783,1,45.0,20,0,0,0,0,0,0,0,1
419,Brayden Taylor,19,3877600,0.4214782609,0,45.0,80,0,0,0,1,0,0,0,0
420,Jacob Gonzalez,15,3900000,0.4239130435,0,45.0,20,0,0,0,0,0,0,0,1
421,Bryce Eldridge,16,3997500,0.4345108696,1,45.0,20,1,0,0,0,0,0,0,0
422,Kyle Teel,14,4000000,0.4347826087,0,47.5,80,0,1,0,0,0,0,0,0
423,Thomas White,35,4100000,0.4456521739,1,45.0,20,0,0,0,0,1,0,0,0
424,Tommy Troy,12,4400000,0.4782608696,0,50.0,20,0,0,0,1,0,0,0,0
425,Noble Meyer,10,4500000,0.4891304348,1,47.5,20,0,0,0,0,0,0,1,0
426,Matt Shaw,13,4848500,0.5270108696,0,45.0,20,0,0,0,1,0,0,0,0
427,Blake Mitchell,8,4897500,0.5323369565,1,45.0,20,0,1,0,0,0,0,0,0
428,Nolan Schanuel,11,5253000,0.5709782609,0,45.0,50,1,0,0,0,0,0,0,0
429,Jacob Wilson,6,5500000,0.597826087,0,47.5,50,0,0,0,0,0,0,0,1
430,Rhett Lowder,7,5700000,0.6195652174,0,47.5,80,0,0,0,0,0,0,1,0
431,Chase Dollander,9,5716900,0.6214021739,0,47.5,20,0,0,0,0,0,0,1,0
432,Walker Jenkins,5,7144200,0.7765434783,1,50.0,50,0,0,0,0,0,1,0,0
433,Max Clark,3,7697500,0.8366847826,1,50.0,50,0,0,1,0,0,0,0,0
434,Wyatt Langford,4,8000000,0.8695652174,0,55.0,50,0,0,0,0,0,1,0,0
435,Dylan Crews,2,9000000,0.9782608696,0,60.0,20,0,0,1,0,0,0,0,0
436,Paul Skenes,1,9200000,1.0,0,55.0,50,0,0,0,0,0,0,1,0
